16
17
6
49
45
34
1133
34
32
8
21
22
6
18
20
33
5
5
29
16
14
6
55
141
41
24
31
5
7
19
51
7
16
33
17
21
24
23
19
55
16
6
55
6
29
42
49
31
19
5
6
30
8
69
17
6
15
6
23
29
26
59
11
22
29
16
34
14
20
52
47
45
29
33
12
20
47
33
17
55
53
1109
19
306
32
7
17
39
43
31
7
16
42
17
37
33
18
6
19
21
36
2052
47
21
5
18
44
28
39
4
44
26
12
25
19
7
35
53
4
4
18
17
18
4
26
5
22
40
43
24
16
21
19
5
16
18
44
20
27
20
27
23
22
13
22
14
29
29
64
4
14
20
32
20
22
4
17
27
36
40
37
4
59
53
3
4
8
19
13
25
36
23
19
19
7
6
31
21
22
30
6
32
30
39
18
5
24
18
21
6
88
14
18
22
16
25
41
24
6
29
31
28
31
24
45
20
6
36
6
7
21
5
45
19
16
17
18
42
7
5
50
22
42
19
62
21
5
39
17
16
33
234
18
26
18
20
20
24
22
6
4
29
14
22
20
6
5
24
42
19
24
6
43
21
23
20
24
20
19
21
34
36
5
30
17
48
7
27
15
6
25
20
17
57
23
21
23
38
34
19
18
23
22
218
25
53
33
21
5
6
16
17
6
41
24
17
21
30
23
43
7
6
20
22
35
43
6
18
25
33
4
49
19
25
27
6
24
15
14
20
32
5
18
52
17
7
27
5
27
48
21
18
5
22
40
25
39
6
23
21
49
30
5
14
30
45
5
27
23
19
5
45
23
28
27
7
27
74
7
24
19
18
67
7
17
36
20
14
19
36
24
27
20
34
15
18
14
7
5
6
5
19
45
61
20
40
18
58
6
27
24
22
30
69
15
293
14
6
33
15
13
17
6
19
27
11
25
150
28
33
16
45
14
35
24
13
39
6
25
21
40
19
51
14
49
15
21
20
44
27
18
17
224
21
48
39
15
46
17
21
35
16
20
20
5
16
25
21
15
28
26
6
5
15
19
15
25
44
19
5
17
14
21
12
6
17
17
35
6
36
34
26
29
33
20
18
20
16
19
18
5
32
9
35
17
23
17
66
6
32
5
30
5
43
29
24
50
39
28
48
72
25
14
17
6
24
19
15
18
64
24
48
38
18
32
13
23
5
17
52
25
43
7
16
6
5
22
16
45
22
28
19
29
6
21
5
5
34
17
21
38
15
20
21
34
35
26
6
28
41
53
21
25
16
18
20
7
19
25
30
5
34
50
26
5
51
27
15
33
19
31
46
6
33
19
23
18
43
16
18
36
825
24
5
12
28
11
31
17
5
15
5
32
33
29
26
189
20
17
6
87
6
24
29
27
13
18
16
52
49
54
46
18
22
40
40
50
17
50
23
17
18
6
23
6
36
41
18
20
29
26
28
24
26
4
6
24
6
49
6
24
6
9
17
22
23
26
4
30
26
20
52
20
34
8
6
7
30
20
22
55
7
21
19
48
27
19
21
39
7
16
19
49
19
5
6
29
5
39
52
33
7
21
6
21
41
41
29
30
98
6
17
59
28
33
20
41
45
26
18
43
33
5
5
16
37
5
19
17
32
44
34
31
27
17
6
6
40
6
20
21
21
33
19
49
16
19
34
19
18
33
6
37
6
6
20
22
39
37
39
45
14
22
5
5
25
22
21
28
26
33
6
44
26
21
57
31
5
6
41
5
24
5
7
6
19
24
48
40
37
53
8
19
16
30
54
5
15
8
17
5
42
22
20
42
19
40
21
5
27
23
13
5
17
43
17
6
52
5
5
16
14
31
25
18
61
6
150
17
18
24
42
5
7
6
17
6
44
59
6
6
17
5
19
23
39
5
27
29
28
32
35
18
23
32
19
6
46
59
12
17
24
18
45
6
24
7
8
6
9
21
24
38
22
25
9
23
6
7
25
17
33
17
5
24
16
31
24
25
37
31
25
5
46
16
14
6
16
25
40
4
17
29
7
17
31
18
4
50
7
33
18
78
30
39
4
5
14
20
30
27
44
4
36
12
16
14
21
952
21
27
18
4
36
5
26
4
38
5
12
17
19
13
14
28
17
51
4
19
17
19
20
28
5
4
20
17
5
22
14
19
13
18
18
17
48
47
19
5
18
43
20
30
23
56
57
18
21
15
19
11
20
16
21
38
32
17
24
15
15
4
13
20
7
5
14
3
35
26
26
18
15
5
63
19
17
13
20
40
35
13
37
12
32
25
20
14
5
5
5
