9
9
5
19
51
28
1351
55
19
4
50
38
4
28
19
23
3
4
17
6
7
4
118
139
21
19
12
4
5
21
49
5
10
8
7
16
18
46
21
21
19
4
48
4
10
70
51
13
7
4
4
37
4
20
34
4
18
3
17
52
10
24
7
44
11
7
23
24
31
30
18
16
22
54
26
9
46
41
16
34
20
1285
53
347
36
5
7
48
14
47
7
5
30
6
12
11
11
4
21
18
24
1685
57
14
4
12
61
15
30
3
46
10
5
28
15
4
17
38
3
4
7
9
6
4
60
4
45
19
20
11
13
14
7
4
12
12
27
16
22
12
57
19
27
11
12
11
25
48
59
4
9
18
19
21
15
4
11
15
46
24
70
4
46
29
3
4
3
15
18
11
61
10
32
7
5
3
15
14
6
17
4
21
18
22
9
3
26
7
16
4
56
6
22
11
5
54
23
12
4
14
12
25
67
22
45
7
4
21
4
3
8
3
23
16
7
6
10
50
3
3
39
16
62
25
54
8
3
35
6
5
32
386
8
29
16
35
25
16
14
3
4
23
13
8
6
3
3
15
14
7
20
4
18
23
23
13
61
17
14
8
38
32
4
42
9
19
3
18
6
3
10
14
7
47
57
9
30
16
14
7
7
26
14
296
27
28
15
6
3
3
7
18
4
40
9
11
12
35
8
53
4
4
35
11
16
71
4
10
42
14
3
50
24
20
21
3
10
6
6
6
28
4
6
16
16
4
45
4
16
28
36
6
4
19
28
53
19
4
17
15
27
59
4
8
11
69
3
10
19
20
3
75
32
10
48
4
10
58
4
9
9
8
30
5
8
16
12
6
10
21
19
22
19
16
15
18
11
3
4
4
3
8
50
21
10
28
8
50
6
10
19
29
10
18
14
533
7
3
36
10
10
21
3
19
10
15
45
150
15
16
26
23
6
23
11
13
23
4
13
20
22
17
26
23
19
8
12
26
28
23
9
19
752
34
20
23
8
60
12
42
49
7
27
21
3
22
43
34
5
10
12
3
2
9
9
5
37
25
10
4
11
5
17
5
4
12
13
31
3
27
23
16
47
27
7
9
34
9
8
19
4
58
4
13
9
13
12
90
4
16
4
17
3
62
16
12
21
15
21
25
71
10
6
9
3
50
12
15
11
61
47
76
30
25
20
5
30
4
6
44
14
32
5
7
4
3
30
23
27
8
89
8
17
3
9
3
5
11
12
27
30
16
12
7
12
44
10
3
8
25
66
17
16
10
7
25
4
17
9
19
3
29
43
10
4
41
26
18
17
21
21
22
4
31
7
10
20
64
20
24
42
806
14
5
12
44
5
29
13
4
12
4
17
24
18
11
529
23
8
3
100
4
20
29
25
15
58
17
43
21
59
21
13
17
16
37
42
16
48
32
17
8
4
11
4
75
47
14
11
14
18
64
11
40
3
4
43
4
66
4
9
4
6
11
31
11
49
2
17
27
10
23
30
15
4
4
4
25
26
8
38
3
6
15
30
17
12
28
33
3
6
10
64
16
3
3
43
4
45
35
20
5
10
3
17
20
47
11
61
26
4
29
49
43
21
11
18
59
21
10
45
17
3
3
17
20
4
11
15
13
32
26
17
26
5
3
3
25
3
8
7
27
16
8
48
9
35
57
19
7
10
5
53
3
3
9
15
18
62
67
23
6
19
3
4
86
11
15
36
37
27
4
29
13
7
37
29
4
3
32
4
25
4
4
3
20
28
39
27
14
52
4
24
11
37
34
3
6
6
18
4
42
8
11
20
25
76
30
4
16
53
6
3
30
18
18
4
21
4
3
19
11
17
44
8
30
3
150
19
31
26
28
3
4
4
23
4
14
31
3
4
9
5
8
29
18
2
34
33
31
13
17
16
12
21
12
5
45
127
7
6
15
36
16
4
10
4
5
5
5
16
17
37
40
17
4
15
5
4
12
7
13
6
3
7
49
18
50
10
37
14
10
4
24
9
11
3
12
49
17
4
7
30
4
8
28
40
4
21
5
26
21
58
51
18
4
4
9
21
17
33
27
4
13
6
9
10
11
841
15
31
9
4
23
4
63
4
23
3
9
12
14
26
9
24
11
97
4
12
10
38
13
16
5
4
15
8
4
9
30
9
10
7
24
8
36
47
14
6
11
24
17
22
28
30
68
16
19
21
23
12
9
8
11
14
21
6
23
16
29
3
19
7
5
4
9
2
41
7
19
19
17
5
63
21
8
9
8
30
18
41
22
8
22
13
17
5
3
2
3
