8
8
4
14
19
19
607
21
13
5
18
11
4
9
12
20
4
4
13
8
5
4
53
126
17
10
11
4
5
11
6
4
7
10
9
10
12
25
9
14
9
4
32
3
10
20
23
10
7
4
4
18
5
16
9
5
8
5
10
4
12
18
8
19
11
8
14
12
18
17
15
12
12
20
16
8
23
17
10
25
15
686
22
361
19
6
9
29
17
20
5
8
18
8
14
15
13
5
12
13
22
150
27
11
5
11
34
14
23
5
25
13
7
20
11
6
16
21
4
5
9
9
9
5
43
5
20
17
21
13
10
11
10
5
10
10
20
17
16
12
26
15
19
8
11
8
15
22
34
5
9
13
18
11
11
5
13
14
22
22
39
5
30
24
5
5
5
12
13
12
33
13
14
10
5
5
13
12
9
14
5
17
12
15
10
5
14
10
14
5
8
8
14
11
9
22
18
12
6
14
14
17
28
21
21
10
6
12
5
6
11
5
18
11
9
9
10
26
5
5
26
9
28
11
29
11
5
21
8
8
16
167
7
17
13
12
17
13
12
5
5
17
7
9
10
5
5
14
14
10
12
5
16
12
13
12
24
13
10
11
14
20
4
25
10
18
5
12
9
5
12
12
8
29
14
13
14
13
13
9
11
16
11
305
13
16
15
8
6
5
10
10
5
7
11
12
15
23
11
24
6
5
17
10
16
21
5
11
13
14
5
29
19
13
19
5
11
9
8
10
23
5
9
16
9
5
22
6
12
24
24
10
5
10
23
26
18
5
13
11
18
22
5
9
12
31
4
12
13
19
5
26
19
11
26
5
11
39
5
12
10
10
23
5
9
15
10
9
11
14
15
12
12
15
13
13
10
6
5
5
5
10
25
19
12
22
9
23
5
12
14
17
12
18
9
216
11
5
25
11
8
15
5
14
14
9
15
3437
14
14
24
19
8
16
12
10
17
6
12
11
5
11
16
13
17
8
13
17
23
19
10
11
197
16
16
18
9
33
10
26
27
8
17
12
5
10
27
27
9
14
13
5
5
12
10
8
22
20
13
5
9
8
15
7
5
11
12
19
6
16
21
13
23
20
9
11
19
12
11
12
5
21
5
15
10
13
9
39
6
14
5
15
5
28
14
11
16
15
16
22
41
13
7
12
5
21
10
9
12
33
26
28
21
13
16
7
17
5
9
23
12
23
5
8
5
5
16
10
21
10
33
10
15
5
10
5
5
14
9
14
13
13
13
11
13
23
14
5
11
22
32
15
13
9
9
19
5
10
13
17
5
19
22
14
5
26
14
9
15
11
16
20
5
19
10
11
12
24
9
14
15
751
11
5
7
20
6
17
9
5
9
5
16
19
11
13
120
17
11
5
47
6
16
21
19
8
14
12
30
19
22
15
9
12
14
26
25
16
26
13
11
10
4
11
5
30
19
10
10
15
11
32
11
16
4
6
16
5
29
6
11
6
5
10
11
11
23
5
13
18
10
17
12
15
6
5
5
21
15
10
26
5
9
11
23
15
10
20
22
5
9
11
35
14
5
5
21
5
22
25
18
5
11
6
12
19
20
14
23
21
5
17
33
21
17
14
17
30
19
12
22
15
5
6
11
21
5
11
13
12
24
22
12
13
8
6
5
22
5
11
11
20
15
8
27
8
19
29
12
10
14
5
22
6
5
9
13
17
23
30
5
8
13
5
5
39
11
9
22
16
23
5
21
14
9
22
23
5
6
24
5
13
6
5
5
14
11
21
17
16
28
6
14
9
23
27
5
8
6
11
5
24
11
11
18
16
30
19
5
15
21
8
6
12
17
14
5
18
6
4
13
11
13
24
11
22
5
150
14
15
12
20
5
5
5
11
5
15
25
5
6
10
5
10
16
18
5
15
19
18
15
4
14
11
17
13
5
25
43
8
8
14
13
19
5
12
5
6
5
6
12
12
23
16
13
6
12
6
5
13
9
12
9
5
10
19
13
21
11
20
13
13
5
22
8
8
6
13
17
13
5
10
20
6
11
18
17
5
19
5
21
18
40
23
19
5
5
10
16
15
22
19
5
15
7
12
9
11
831
11
17
11
5
18
6
28
5
19
6
9
11
11
9
9
16
11
32
5
13
9
16
13
17
6
5
11
10
5
11
19
10
8
9
17
11
21
21
12
5
11
19
12
14
16
24
36
10
12
18
18
7
11
10
11
15
16
9
16
15
11
6
9
10
6
5
9
4
20
10
14
17
11
5
40
17
11
7
11
23
21
10
20
9
19
12
14
8
5
5
6
